8
30
1
41
3
162
7
50
0
136
8
7
2
296
5
116
9
269
1
62
6
282
4
288
2
132
5
280
3
280
6
130
7
212
5
282
6
211
1
103
1
82
3
255
8
275
0
28
1
80
7
177
5
106
3
212
6
60
0
288
10
233
5
166
2
131
7
216
8
258
9
213
1
243
0
258
1
283
1
181
4
66
7
266
5
153
9
293
0
89
8
82
10
174
1
123
6
114
6
140
4
143
10
295
10
149
10
19
10
195
2
205
5
5
6
11
9
148
10
214
5
56
2
43
0
110
8
261
4
221
6
269
5
66
9
149
8
63
7
212
8
176
1
244
8
246
4
41
8
232
2
172
10
253
2
90
0
175
8
107
3
286
4
261
5
264
0
276
9
294
8
81
4
228
3
138
0
291
6
296
0
75
10
219
3
176
7
9
8
222
10
76
2
45
8
21
1
166
8
59
9
284
4
211
5
118
3
178
4
160
8
265
6
175
8
287
8
56
5
170
6
81
6
166
5
233
5
281
0
27
7
232
7
180
5
271
0
279
0
131
3
18
1
206
2
224
0
290
7
66
10
198
9
204
5
218
0
153
6
244
2
238
0
7
0
71
4
138
9
77
9
152
0
195
2
27
7
252
0
295
8
192
5
142
9
267
10
267
2
124
10
116
1
98
1
293
7
205
9
190
5
76
8
259
8
56
4
60
7
45
0
170
8
190
5
205
9
268
9
52
2
106
8
109
8
282
0
74
7
80
3
178
0
149
5
189
5
277
1
90
0
147
5
212
1
216
0
247
2
185
3
117
3
194
2
116
10
264
1
82
4
11
8
272
6
86
3
228
1
65
2
278
4
216
10
41
5
27
3
275
5
15
2
270
2
291
10
61
3
25
3
222
6
67
2
77
0
270
8
17
